0
1.0028e-16
1.00544e-16
1.00824e-16
1.01136e-16
1.01399e-16
1.01682e-16
1.02043e-16
1.02378e-16
1.02647e-16
1.02965e-16
1.03325e-16
1.03676e-16
1.03951e-16
1.04216e-16
1.04465e-16
1.04719e-16
1.04985e-16
1.05276e-16
1.05609e-16
1.05786e-16
1.05915e-16
1.05971e-16
1.0601e-16
1.06029e-16
1.06093e-16
1.06123e-16
1.0614e-16
1.06164e-16
1.06323e-16
1.06437e-16
1.06515e-16
1.06477e-16
1.0554e-16
1.04994e-16
1.05889e-16
1.07085e-16
1.08154e-16
1.0888e-16
1.08685e-16
1.08976e-16
1.08536e-16
1.08054e-16
1.07381e-16
1.04643e-16
1.03686e-16
1.03885e-16
1.04164e-16
1.04428e-16
1.04165e-16
1.03052e-16
1.03002e-16
1.01979e-16
1.01467e-16
1.0001e-16
1.00011e-16
1.00013e-16
1.00014e-16
1.00013e-16
1.00015e-16
1.00018e-16
1.00016e-16
1.00015e-16
1.00016e-16
1.00021e-16
6.13587e-16
1.7273e-15
3.30349e-15
5.36157e-15
5.69607e-15
8.782e-15
9.9944e-15
1.31894e-14
1.59065e-14
1.22095e-14
1.64204e-14
2.27733e-14
2.71648e-14
2.99073e-14
3.27645e-14
3.53508e-14
3.98508e-14
4.4436e-14
4.8735e-14
5.25176e-14
5.502e-14
5.35017e-14
4.92385e-14
4.58052e-14
4.29176e-14
4.23994e-14
4.33804e-14
4.66624e-14
4.88317e-14
5.1677e-14
5.6022e-14
6.03298e-14
6.1869e-14
6.40353e-14
6.48221e-14
6.03081e-14
5.82494e-14
5.68465e-14
5.58435e-14
5.63069e-14
5.66457e-14
5.68014e-14
5.56749e-14
5.39029e-14
5.17081e-14
4.89263e-14
4.6914e-14
4.56573e-14
4.43625e-14
4.17765e-14
3.80565e-14
3.44363e-14
3.15752e-14
2.9336e-14
2.77437e-14
2.70374e-14
2.64849e-14
2.57663e-14
2.543e-14
2.4882e-14
2.28995e-14
1.97915e-14
1.67286e-14
1.54313e-14
2.13794e-14
2.07162e-14
2.20701e-14
3.85445e-14
2.02968e-13
8.85485e-15
4.37765e-14
1.08328e-14
1.58078e-14
1.89001e-14
1.9123e-14
3.54665e-14
9.72759e-14
9.21772e-14
1.03314e-13
2.7244e-13
2.60433e-13
1.43073e-13
8.39863e-14
1.0736e-13
3.3538e-13
5.69155e-13
1.31106e-12
1.42042e-12
6.42848e-13
3.74076e-14
6.0875e-14
1.11789e-13
2.75633e-13
3.20255e-13
4.97671e-13
1.28189e-12
1.59519e-12
1.51668e-12
-9.99e+08
-9.99e+08
-9.99e+08
-9.99e+08
-9.99e+08
