0
1.00148e-16
1.0029e-16
1.00439e-16
1.00607e-16
1.00756e-16
1.00915e-16
1.01094e-16
1.01172e-16
1.0132e-16
1.01542e-16
1.01769e-16
1.01976e-16
1.02146e-16
1.02325e-16
1.02484e-16
1.02515e-16
1.02747e-16
1.02782e-16
1.03186e-16
1.0361e-16
1.03768e-16
1.03955e-16
1.04132e-16
1.04199e-16
1.04366e-16
1.04508e-16
1.04692e-16
1.04869e-16
1.0474e-16
1.04236e-16
1.04648e-16
1.04748e-16
1.04981e-16
1.0481e-16
1.05803e-16
1.11141e-16
1.30328e-16
1.25644e-16
1.22731e-16
1.18928e-16
1.13913e-16
1.11422e-16
1.03806e-16
1.00005e-16
1.00006e-16
1.02113e-16
1.00007e-16
1.00014e-16
1.0003e-16
2.53971e-16
1.9713e-15
6.53865e-15
1.0218e-14
1.33624e-14
1.96966e-14
2.93731e-14
3.29187e-14
3.38174e-14
3.58571e-14
3.98356e-14
4.46599e-14
4.67683e-14
5.48527e-14
7.34946e-14
1.16724e-13
1.68699e-13
2.04398e-13
2.06932e-13
2.07853e-13
2.9031e-13
2.96743e-13
3.4814e-13
3.85518e-13
3.7382e-13
3.94323e-13
4.40888e-13
4.74571e-13
4.92945e-13
5.09492e-13
5.24094e-13
5.49473e-13
5.76283e-13
6.02505e-13
6.27886e-13
6.47704e-13
6.4388e-13
6.39379e-13
6.39754e-13
6.42623e-13
6.48858e-13
6.56624e-13
6.72989e-13
6.7853e-13
6.94098e-13
7.16006e-13
7.52683e-13
7.60278e-13
7.7138e-13
7.75941e-13
7.63044e-13
7.45008e-13
7.48254e-13
7.77055e-13
8.0484e-13
8.19047e-13
8.17211e-13
8.19366e-13
8.14946e-13
7.91896e-13
7.72636e-13
7.63502e-13
7.57623e-13
7.52787e-13
7.44077e-13
7.30104e-13
7.17001e-13
7.07794e-13
6.98852e-13
6.91275e-13
6.87099e-13
6.83352e-13
6.80129e-13
6.79638e-13
6.79234e-13
6.71723e-13
6.53786e-13
6.39551e-13
6.40662e-13
6.77775e-13
7.56285e-13
8.07045e-13
5.13526e-12
4.26091e-11
4.29658e-14
2.53015e-11
1.31101e-15
8.82886e-15
2.80574e-12
2.09904e-13
9.70974e-13
1.73555e-12
4.70164e-12
5.97601e-12
1.08155e-11
2.04036e-11
3.51909e-11
5.42121e-11
2.40578e-11
3.88082e-11
7.79801e-11
1.68167e-10
2.30165e-10
9.75514e-11
1.66835e-11
9.53218e-13
3.75312e-12
1.31709e-11
1.78734e-11
2.98335e-11
6.85925e-11
7.98499e-11
1.09414e-10
-9.99e+08
-9.99e+08
-9.99e+08
-9.99e+08
-9.99e+08
