0
1.00079e-16
1.00157e-16
1.00236e-16
1.00325e-16
1.00405e-16
1.00488e-16
1.00596e-16
1.00638e-16
1.00689e-16
1.00777e-16
1.00904e-16
1.01008e-16
1.01089e-16
1.01175e-16
1.0124e-16
1.01202e-16
1.01369e-16
1.01432e-16
1.01691e-16
1.01968e-16
1.02048e-16
1.02174e-16
1.02285e-16
1.02344e-16
1.02427e-16
1.02532e-16
1.02596e-16
1.02566e-16
1.02575e-16
1.02025e-16
1.02593e-16
1.02235e-16
1.0335e-16
1.03569e-16
1.0447e-16
1.08503e-16
1.26912e-16
1.22125e-16
1.19011e-16
1.15874e-16
1.11006e-16
1.07377e-16
1.02386e-16
1.00004e-16
1.00007e-16
1.0001e-16
1.00024e-16
1.28174e-16
3.5335e-15
1.15911e-14
2.05165e-14
3.42286e-14
4.5144e-14
5.61736e-14
8.0351e-14
1.11863e-13
1.27595e-13
1.39802e-13
1.49261e-13
1.57943e-13
1.70972e-13
1.76305e-13
1.9695e-13
2.41989e-13
3.28433e-13
4.20533e-13
4.77199e-13
4.92828e-13
4.96134e-13
5.97887e-13
6.19899e-13
6.84974e-13
7.35731e-13
7.40424e-13
7.50023e-13
7.90919e-13
8.21288e-13
8.39505e-13
8.59152e-13
8.7521e-13
8.94693e-13
9.15247e-13
9.34065e-13
9.49309e-13
9.63278e-13
9.60737e-13
9.65011e-13
9.69741e-13
9.79731e-13
9.85341e-13
9.94654e-13
1.00472e-12
9.97001e-13
9.956e-13
1.01074e-12
1.04128e-12
1.04333e-12
1.05989e-12
1.06718e-12
1.0627e-12
1.06494e-12
1.05466e-12
1.05756e-12
1.07224e-12
1.0811e-12
1.08052e-12
1.09354e-12
1.09455e-12
1.07265e-12
1.05967e-12
1.05532e-12
1.05749e-12
1.0553e-12
1.05171e-12
1.04768e-12
1.04535e-12
1.0445e-12
1.04469e-12
1.04298e-12
1.04133e-12
1.03986e-12
1.03894e-12
1.0378e-12
1.03605e-12
1.03417e-12
1.03032e-12
1.01686e-12
1.02143e-12
1.09836e-12
1.50496e-12
1.44352e-12
9.40163e-12
1.28925e-10
5.88169e-14
4.79831e-11
6.01212e-15
1.71512e-14
1.18597e-15
1.4642e-15
1.10914e-12
2.35192e-12
3.76563e-12
1.03952e-11
1.26898e-11
2.82492e-11
3.14513e-11
3.00667e-11
3.42496e-11
6.95794e-11
1.16674e-10
2.36624e-10
3.64656e-10
1.73562e-10
3.29404e-11
4.02591e-13
4.23949e-12
1.51765e-11
1.62241e-11
2.98272e-11
7.58259e-11
7.97741e-11
1.21909e-10
-9.99e+08
-9.99e+08
-9.99e+08
-9.99e+08
-9.99e+08
