0
1.00026e-16
1.00051e-16
1.00077e-16
1.00105e-16
1.00131e-16
1.00156e-16
1.00217e-16
1.00242e-16
1.00239e-16
1.00241e-16
1.00274e-16
1.00299e-16
1.00307e-16
1.0032e-16
1.00319e-16
1.00267e-16
1.00355e-16
1.00408e-16
1.00541e-16
1.00675e-16
1.00699e-16
1.0075e-16
1.00791e-16
1.00795e-16
1.00821e-16
1.0083e-16
1.00825e-16
1.00795e-16
1.00728e-16
1.00636e-16
1.00837e-16
1.00695e-16
1.01298e-16
1.01948e-16
1.0211e-16
1.05141e-16
1.18023e-16
1.15001e-16
1.1335e-16
1.11323e-16
1.06968e-16
1.02861e-16
1.00947e-16
1.00002e-16
1.00007e-16
1.00018e-16
1.00048e-16
1.30842e-15
1.03774e-14
2.32644e-14
3.70486e-14
5.91861e-14
7.64143e-14
9.19445e-14
1.28853e-13
1.79726e-13
2.05412e-13
2.25026e-13
2.3839e-13
2.49758e-13
2.6394e-13
2.70376e-13
3.03453e-13
3.64626e-13
4.64174e-13
5.64843e-13
6.20116e-13
6.38533e-13
6.51081e-13
7.42588e-13
7.73311e-13
8.34812e-13
8.8345e-13
8.95135e-13
8.9231e-13
9.16361e-13
9.34817e-13
9.49941e-13
9.71716e-13
9.89021e-13
9.97731e-13
1.00397e-12
1.01124e-12
1.01578e-12
1.02168e-12
1.02114e-12
1.02834e-12
1.03274e-12
1.0416e-12
1.04322e-12
1.0456e-12
1.04832e-12
1.03603e-12
1.03393e-12
1.05133e-12
1.06606e-12
1.06608e-12
1.07444e-12
1.07165e-12
1.07202e-12
1.07373e-12
1.08029e-12
1.08456e-12
1.08192e-12
1.07784e-12
1.06689e-12
1.07593e-12
1.07596e-12
1.05363e-12
1.03814e-12
1.03537e-12
1.03774e-12
1.03635e-12
1.03364e-12
1.02923e-12
1.02809e-12
1.02776e-12
1.02979e-12
1.02855e-12
1.02734e-12
1.02446e-12
1.02362e-12
1.02222e-12
1.02011e-12
1.01964e-12
1.01924e-12
1.00381e-12
9.98444e-13
1.08719e-12
1.52676e-12
1.39223e-12
8.88425e-12
1.55541e-10
4.06788e-14
4.2979e-11
9.92434e-15
1.08396e-14
8.08786e-16
1.53478e-15
7.74e-13
1.84497e-12
2.7689e-12
8.52699e-12
8.31822e-12
2.04252e-11
1.76144e-11
2.1034e-11
3.20343e-11
6.10902e-11
1.01424e-10
1.87135e-10
3.15553e-10
1.48311e-10
3.06548e-11
1.36671e-14
2.14404e-12
8.24808e-12
1.21154e-11
2.0844e-11
5.8829e-11
6.04055e-11
9.04721e-11
-9.99e+08
-9.99e+08
-9.99e+08
-9.99e+08
-9.99e+08
