0
1.00049e-16
1.00097e-16
1.00146e-16
1.002e-16
1.00249e-16
1.003e-16
1.00382e-16
1.00418e-16
1.00434e-16
1.0046e-16
1.00533e-16
1.00596e-16
1.00636e-16
1.0068e-16
1.00708e-16
1.00681e-16
1.00793e-16
1.00856e-16
1.01035e-16
1.0121e-16
1.01278e-16
1.01363e-16
1.01432e-16
1.01464e-16
1.01517e-16
1.01565e-16
1.01591e-16
1.01572e-16
1.01563e-16
1.01224e-16
1.01623e-16
1.01229e-16
1.02059e-16
1.02499e-16
1.02571e-16
1.05115e-16
1.16376e-16
1.13941e-16
1.12232e-16
1.10295e-16
1.06974e-16
1.03478e-16
1.01421e-16
1.00002e-16
1.00006e-16
1.00015e-16
1.00039e-16
7.2573e-16
7.94801e-15
1.94002e-14
3.11598e-14
5.02e-14
6.54812e-14
7.9632e-14
1.1214e-13
1.56512e-13
1.78949e-13
1.95937e-13
2.07843e-13
2.18866e-13
2.33174e-13
2.38812e-13
2.6715e-13
3.23697e-13
4.20243e-13
5.19754e-13
5.764e-13
5.9702e-13
6.08786e-13
6.97527e-13
7.26939e-13
7.90527e-13
8.41355e-13
8.51982e-13
8.53597e-13
8.84116e-13
9.07031e-13
9.23134e-13
9.43595e-13
9.59937e-13
9.72175e-13
9.83934e-13
9.95362e-13
1.00299e-12
1.01067e-12
1.00814e-12
1.01279e-12
1.01737e-12
1.02616e-12
1.0294e-12
1.03595e-12
1.04162e-12
1.03021e-12
1.02954e-12
1.04651e-12
1.06517e-12
1.07132e-12
1.08154e-12
1.0828e-12
1.08288e-12
1.08663e-12
1.08836e-12
1.09577e-12
1.09101e-12
1.09071e-12
1.08459e-12
1.09334e-12
1.09149e-12
1.07106e-12
1.05686e-12
1.05387e-12
1.05684e-12
1.05467e-12
1.05155e-12
1.04827e-12
1.04765e-12
1.04799e-12
1.04982e-12
1.04905e-12
1.04825e-12
1.04588e-12
1.04509e-12
1.04368e-12
1.04145e-12
1.04089e-12
1.04077e-12
1.03346e-12
1.03948e-12
1.10618e-12
1.40464e-12
1.32229e-12
7.27124e-12
1.14126e-10
3.54159e-14
3.54902e-11
5.91409e-15
1.01636e-14
7.56313e-16
1.07004e-14
7.14036e-13
1.60579e-12
2.36101e-12
7.09593e-12
7.43628e-12
1.77127e-11
1.62881e-11
1.89667e-11
2.61367e-11
4.95929e-11
8.17071e-11
1.56359e-10
2.5725e-10
1.21515e-10
2.50486e-11
1.3486e-14
2.0667e-12
8.43434e-12
1.04463e-11
1.83815e-11
4.9789e-11
5.0993e-11
7.72585e-11
-9.99e+08
-9.99e+08
-9.99e+08
-9.99e+08
-9.99e+08
