961.862
961.446
962.014
963.202
965.032
964.93
965.215
965.487
965.345
965.19
965.289
965.339
965.133
965.271
965.213
965.836
966.494
967.004
967.005
967.283
967.803
967.677
967.401
967.485
967.562
967.724
968.2
969.06
969.708
969.919
970.171
970.254
969.866
968.922
968.14
967.918
967.8
967.413
967.247
967.614
967.78
967.649
967.712
967.823
967.667
967.043
966.413
965.884
965.426
965.124
964.961
965.381
966.18
965.698
965.633
965.657
965.446
964.607
963.892
963.532
963.23
962.84
962.63
962.983
962.878
962.513
962.532
963.336
964.137
964.403
964.798
965.817
967.818
968.696
969.718
971.006
971.948
972.752
973.42
973.944
974.117
973.376
972.746
972.678
972.535
972.421
972.6
973.303
974.052
974.569
975.007
975.456
975.894
975.609
975.112
975.03
974.991
975.226
975.754
976.749
977.536
978.072
978.611
979.078
979.335
978.863
978.643
978.792
978.919
978.982
979.258
979.941
980.4
980.509
980.764
981.151
981.483
981.408
981.149
981.16
981.186
981.219
981.398
982.037
982.434
982.481
982.5
982.467
982.188
981.207
980.439
980.195
979.967
979.715
979.626
979.998
980.24
980.154
980.219
980.496
980.734
980.433
979.957
979.788
979.652
979.524
979.57
979.966
980.131
980.013
979.967
979.765
979.231
977.987
976.896
976.343
975.836
975.31
974.928
975.094
975.171
974.899
974.774
-9.99e+08
-9.99e+08
-9.99e+08
-9.99e+08
-9.99e+08
