20.9753
23.3834
23.5178
25.9124
30.7424
30.5759
28.5709
28.5411
30.9449
39.7242
42.9976
40.9085
39.3536
38.732
39.4203
47.409
57.9479
59.8637
53.5834
47.8186
45.3514
43.5053
42.3594
42.973
45.0856
47.3294
49.0463
49.4979
49.5926
44.6682
37.6901
30.3173
27.2847
26.3297
25.6655
25.3216
25.1996
25.9025
27.9068
32.6971
35.4472
38.5765
41.6387
44.6974
47.9681
53.6438
62.5718
72.9677
83.5624
90.1315
92.4459
92.3568
91.3379
77.9693
53.8722
28.6051
20.4105
18.853
18.7364
19.0264
18.9098
18.6325
19.4792
25.0274
27.7053
30.7722
33.9009
36.2169
37.9246
37.9121
33.2101
37.937
34.1309
36.8502
37.9921
41.659
45.3567
42.4869
41.3593
38.5989
36.7992
33.8463
30.0114
27.5202
26.0587
25.4698
26.0777
30.3375
34.275
36.3582
37.6883
38.5323
39.7764
42.0128
44.001
45.1148
46.2555
47.5026
49.2101
52.1511
56.2278
54.7612
51.5424
48.2132
44.3488
36.5149
33.9277
32.4816
29.4918
25.7531
22.4525
23.5023
26.3492
28.9579
30.8685
32.9822
35.5545
38.799
42.5498
45.9904
48.6719
50.4486
50.864
51.0267
50.7854
44.1789
31.6541
27.4771
26.4837
24.6725
22.6269
20.9301
19.3998
18.6115
18.6981
23.2098
24.6646
26.1348
27.6306
29.222
30.9918
32.8028
34.2324
35.488
37.0289
38.9775
40.5955
41.1716
41.2019
35.5604
28.155
22.361
18.6905
16.4737
14.7608
13.5559
12.9427
12.7777
13.2484
15.5204
16.1206
16.5048
17.2241
-9.99e+08
-9.99e+08
-9.99e+08
-9.99e+08
-9.99e+08
