19.8297
18.2318
18.6775
18.307
16.7416
18.0432
20.1529
21.603
22.572
23.0731
22.8535
22.5832
22.3029
21.0597
19.2563
17.7228
16.5858
16.2891
16.6699
17.0147
16.9047
16.5999
16.4468
16.0858
15.5532
15.1697
14.8405
14.5691
14.2614
14.8106
15.768
17.1005
18.0828
18.9438
19.7738
20.5087
21.0497
21.2858
20.9666
19.3674
18.3601
17.4653
16.7765
16.2594
15.8381
15.589
15.3065
14.9536
14.7928
14.7753
14.6604
14.463
14.1129
15.6004
17.4351
18.283
19.4337
20.0298
20.5116
20.9742
21.338
21.4245
20.8676
18.6313
17.4146
16.2036
15.0932
14.1338
13.3293
12.8296
13.2355
13.332
10.0855
9.01639
8.04096
7.40769
6.60599
6.75263
7.37308
8.07578
8.86426
9.72281
10.5703
11.2698
11.7571
11.954
11.7083
10.6954
9.74643
9.06375
8.50275
8.08896
7.72986
7.39301
7.21042
7.08664
6.96723
6.80448
6.49131
6.04535
5.50443
6.66162
8.12348
9.32038
9.97666
10.4684
10.8709
11.2214
11.3636
11.185
10.5807
9.42206
8.28626
7.19516
6.22574
5.33573
4.48111
3.64676
2.86231
2.18073
1.60562
1.14078
0.813846
0.498813
0.26392
1.78446
4.22016
5.83878
6.83249
7.73471
8.61985
9.41123
10.0149
10.306
10.1502
9.12244
8.11972
7.17511
6.32492
5.55121
4.82047
4.11188
3.49445
2.922
2.30487
1.63865
1.07233
0.765385
0.557651
2.42881
5.54972
8.28006
10.0177
11.3445
12.5486
13.5631
14.2488
14.496
14.1482
12.3535
11.2739
10.3449
9.44052
-9.99e+08
-9.99e+08
-9.99e+08
-9.99e+08
-9.99e+08
