0.960752
0.924911
3.0608
4.40883
4.82578
4.3659
4.35071
4.17778
1.47521
1.6704
2.36505
1.66221
0.665857
0.995219
0.558657
0.489705
-0.798434
-2.24218
-2.78144
-1.71469
-2.03786
-2.62772
-2.52033
-2.23305
-1.77339
-1.42627
-1.58767
-1.80633
-1.98517
-2.51621
-3.08003
-3.82942
-4.23137
-4.08386
-3.83276
-3.57918
-3.32407
-3.46161
-3.67079
-3.39357
-3.63735
-3.59209
-3.4644
-3.91528
-4.35799
-4.47909
-4.36073
-4.2912
-4.1036
-3.75541
-2.79674
-1.46604
2.68955
2.20354
5.85744
6.28134
6.70378
6.86027
6.6662
6.31535
5.91105
5.45852
4.24041
2.50953
1.8723
1.25688
1.36127
2.95459
3.59945
4.36201
7.43006
9.54756
11.1776
10.3422
9.79775
8.2469
8.3953
10.5134
10.9177
10.3226
9.30562
8.56269
7.77707
6.98993
6.34582
5.81723
5.11375
2.80822
2.23946
2.27264
2.4314
2.77483
3.33185
3.66177
4.085
4.49224
4.77178
5.24033
4.96253
4.44508
3.83751
3.05924
1.72743
0.725648
0.978824
1.38894
2.0335
2.38359
2.29811
2.08636
1.67646
0.653148
0.127078
-0.122332
-0.263948
-0.486005
-0.73448
-0.877626
-0.918116
-0.881381
-0.718197
-0.412823
-0.251854
-0.00920694
0.279174
0.469002
0.320243
-0.386568
-0.350947
-0.122802
-0.114959
-0.22821
-0.309015
-0.400303
-0.620448
-0.9629
-1.57073
-2.02002
-2.28071
-2.41538
-2.55144
-2.5148
-2.47057
-2.35561
-2.1316
-1.68732
-1.19984
-1.27856
-1.35423
-1.20716
-1.37136
-2.075
-2.14296
-1.93055
-1.87087
-2.03574
-2.40953
-2.7295
-3.20369
-3.41647
-3.95203
-4.16042
-4.029
-9.99e+08
-9.99e+08
-9.99e+08
-9.99e+08
-9.99e+08
