7.10247
5.8111
5.63855
3.23649
-0.685146
0.308737
1.20455
-1.10595
-2.01843
-3.52351
-4.89117
-5.07947
-5.2259
-6.61665
-6.98135
-6.94051
-5.39646
-3.4817
-2.64314
-3.61929
-4.03154
-3.208
-2.97307
-3.15203
-2.99163
-3.0443
-3.04244
-2.54556
-2.12081
-2.29286
-2.64913
-2.92736
-2.68769
-2.26558
-1.858
-1.36087
-0.590495
-0.12541
0.0729474
-0.416426
-0.478636
-0.304165
-0.277006
-0.340625
0.263236
1.23631
1.97664
2.85835
3.73133
4.5937
4.85326
4.54884
1.95204
1.87062
-0.598083
-1.8759
-1.96826
-1.50465
-1.0135
-0.578076
0.0457603
0.696718
0.509706
-0.402451
-1.32078
-2.08689
-2.13322
-1.12647
0.118972
1.67081
0.668348
-0.573089
-7.58678
-6.55542
-5.32963
-2.37588
-2.42924
-4.04116
-5.07419
-5.96246
-5.98444
-5.94768
-5.88393
-5.56944
-4.94052
-4.39772
-3.52603
-1.54717
-0.474386
0.371514
0.943254
1.40577
1.79853
1.88682
1.77394
1.75979
1.66493
0.585519
-0.517057
-1.35199
-2.13806
-3.18094
-4.22965
-6.00897
-5.97219
-5.92322
-5.73671
-5.67021
-5.66784
-5.55061
-5.46325
-4.27966
-3.68456
-3.59181
-3.62057
-3.53305
-3.28801
-2.94634
-2.5973
-2.32164
-2.09298
-1.90439
-1.9606
-1.88578
-1.89835
-1.64008
-2.0338
-2.44076
-2.47228
-2.3842
-2.18423
-1.90496
-1.65056
-1.52973
-1.47228
-1.37564
-1.43987
-1.38755
-1.28959
-0.959802
-0.557748
-0.129515
0.242273
0.713607
1.18186
1.66372
2.20894
2.34899
2.56721
2.38013
2.47685
3.00893
3.03067
2.67922
2.47725
2.43558
2.44819
2.45368
2.36495
1.66057
1.7484
2.00027
2.2321
-9.99e+08
-9.99e+08
-9.99e+08
-9.99e+08
-9.99e+08
